A 100    1    20     78
A 120    2    60     90
A 122    3    1      1
A 130    4    100    100
A 131    5    513    64
A 136    6    512    99
A 145    7    200    2
A 150    8    20     98
A 157    9    1000   1
A 161    10   499    40
A 170    11   401    79
A 181    12   11     90
A 188    13   9      66
A 190    14   5      20
A 195    15   1      70
A 201    16   69     23
A 260    17   25     100
A 267    18   570    2
A 271    19   232    90
A 278    20   102    47
A 300    21   123    43
A 306    22   1      1
A 309    23   100    99
A 313    24   179    23
A 351    25   342    59
D 361
A 401    26   58     101
A 404    27   125    200
A 410    28   3      330
A 417    29   340    999
A 423    30   20     124
A 450    31   70     230
A 467    32   184    700
A 470    33   500    701
A 474    34   19     401
A 480    35   432    150
A 499    36   37     203
A 508    37   89     204
A 511    39   14     198
A 516    40   17     1001
A 519    41   43     472
A 524    42   39     399
A 537    43   78     233
A 545    44   6      101
A 566    45   9      256
A 574    46   1      199
A 580    47   20     404
A 583    48   666    993
A 586    49   30     341
A 590    50   61     192
D 592
A 602    51  56      88
A 611    52  105     72
A 616    53  89      99
A 621    54  21      34
A 627    55  43      58
A 632    56  16      107
A 635    57  91      169
A 641    58  89      400
A 649    59  37      770
A 653    60  123     574
A 660    61  10      34
A 664    62  23      36
A 670    63  24      992
A 674    64  49      761
A 678    65  501     39
A 681    66  398     10
A 690    67  302     452
A 694    68  511     513
A 711    69  7223    991
A 723    70  514     12
A 734    71  30      74
A 743    72  51      229
A 746    73  499     44
A 752    74  509     1001
A 773    75  34      92
I 780    123
I 783    9
I 789    500
I 794    44
A 881    76  34     62
A 886    77  33     2523
A 891    78  23      43
I 902    3
I 905    10
A 914    79  41      304
I 932    3
A 934    80  11      33
A 939    81  3       2
A 941    82  546     3 
I 943    5
I 945    1
I 952    10
I 966    200
A 969    83  12      69
A 972    84  44      99
I 976    207
I 982    103
A 999    85  95      34
A 1004   86  168     833
I 1009   50
D 1015
A 1031   87  83      234
A 1034   89  423     130
A 1036   90  12      54 
A 1039   91  10      57
A 1045   92  4       101
A 1048   93  2       3
A 1054   94  2       32
I 1060   2
D 7062
S 7068   4 
A 7072   95  32      12
A 7179   96  20      19
S 7183   2
W 7287   3
S 7393   4 
A 7400   97  54      492
A 7423   98  22      101
W 7450   3
I 7459   14
A 7463   99  10      1
A 7470   100  588     230
S 7474   4
S 7483   1
A 7500   101 40      21
D 7543
W 7600   3
W 7632   2
A 7635   102 12      13
W 7701   0
W 7702   1
W 7703   4
I 7807   127
D 7810
W 7813   1
W 7824   4
D 10007
W 10023  4
W 10324  0
D 10325
W 11202  2
W 11203  4
D 11205
W 11302  3
D 11304
S 11367  0
S 11453  4
S 12000  3
S 12001  2
S 12532  3
S 12534  3
S 12560  2
D 22000
A 22001  103  1  1
